
71.90
8.93
62
600585
海螺水泥
6.82
6.80
6.76
-0.88
547.53
8.75
63
600612
第一铅笔
6.18
6.30
6.31
2.10
2342.05
8.71
64
600592
龙溪股份
7.38
7.33
7.18
-2.71
79.65
8.66
65
600365
通葡萄酒
4.35
4.16
4.33
-0.46
343.33
8.48
66
600655
豫园商城
4.50
4.50
4.46
-0.89
27.25
8.44
67
600636
三 爱 富
8.01
8.00
7.95
-0.75
410.33
8.42
68
600626
申达股份
5.12
5.10
4.99
-2.54
300.79
8.29
69
600010
钢联股份
4.25
4.25
4.32
1.65
847.53
8.14
70
600841
上柴股份
8.39
8.35
8.18
-2.50
66.29
7.92
（责任