
7.27
62
600363
联创光电
4.67
4.70
4.68
0.21
707.12
7.27
63
600012
皖通高速
7.44
7.45
7.30
-1.88
1349.79
6.88
64
600380
健 康 元
7.06
7.05
7.06
0.00
168.06
6.87
65
600675
中华企业
4.42
4.62
4.47
1.13
2548.44
6.85
66
600863
内蒙华电
3.27
3.27
3.19
-2.45
381.25
6.77
67
600540
新赛股份
4.52
4.50
4.62
2.21
575.38
6.55
68
600247
物华股份
4.05
4.05
3.79
-6.42
837.40
6.54
69
600656
华源制药
3.46
3.46
3.33
-3.76
406.21
6.52
70
600331
宏达股份
6.38
6.35
6.24
-2.19
2760.00
6.43
（责任