能
11.30
11.30
11.26
-0.35
484.76
30.95
63
600180
九发股份
4.73
4.70
4.60
-2.75
254.36
30.33
64
600827
友谊股份
6.07
6.05
6.07
0.00
89.88
30.25
65
600615
ST丰 华
3.04
3.04
3.19
4.93
147.90
30.16
66
600587
新华医疗
5.01
4.51
4.74
-5.39
261.14
28.97
67
600766
ST烟 发
1.75
1.76
1.83
4.57
136.23
28.87
68
600812
华北制药
3.22
3.22
3.21
-0.31
223.61
28.02
69
600300
维维股份
6.74
6.74
6.78
0.59
581.95
26.76
70
600295
鄂尔多斯
3.59
3.60
3.58
-0.28
85.05
25.18
（责任