7
美的电器
7.65
7.65
7.68
0.39
603.68
6.12
64
000402
金 融 街
11.65
11.66
11.65
0.00
1672.87
5.79
65
000029
深深房Ａ
4.25
4.22
4.23
-0.47
303.10
5.72
66
000971
湖北迈亚
3.30
3.25
3.23
-2.12
32.86
5.69
67
000708
大冶特钢
4.16
4.12
4.13
-0.72
221.71
5.65
68
000826
国投资源
3.81
3.78
3.75
-1.57
102.53
5.63
69
000926
福星科技
7.95
7.88
8.07
1.51
453.68
5.59
70
000547
闽福发Ａ
4.35
4.35
4.23
-2.76
92.88
5.56
（责任