
63
000780
草原兴发
3.82
3.78
3.88
1.57
444.46
2.44
64
000584
舒卡股份
4.22
4.21
4.26
0.95
42.44
2.39
65
000153
丰原药业
6.71
6.68
6.65
-0.89
56.11
2.36
66
000697
咸阳偏转
4.01
3.90
3.87
-3.49
182.37
2.36
67
000703
世纪光华
3.24
3.20
3.18
-1.85
110.99
2.28
68
000590
紫光古汉
3.43
3.40
3.33
-2.92
36.15
2.16
69
000543
皖能电力
4.13
4.09
4.05
-1.94
68.58
2.13
70
000042
深长城Ａ
5.74
5.70
5.69
-0.87
77.41
2.06
（责任