.43
3.41
3.40
-0.87
58.45
11.14
63
000793
燃气股份
3.57
3.57
3.56
-0.28
161.52
11.04
64
000034
深信泰丰
2.48
2.45
2.35
-5.24
105.69
9.20
65
000935
四川双马
2.76
2.71
2.80
1.45
162.99
8.78
66
000965
天水股份
2.88
2.89
2.91
1.04
48.67
8.39
67
000993
*ST 闽电
2.90
2.88
2.92
0.69
56.80
8.06
68
000928
吉林炭素
2.88
2.61
2.66
-7.64
352.70
7.54
69
000901
航天科技
4.15
4.15
3.95
-4.82
114.87
7.44
70
000979
科苑集团
4.19
4.13
4.15
-0.95
52.32
6.61
（责任