5.50
4.56
652.07
9.43
62
000982
圣 雪 绒
3.43
3.33
3.36
-2.04
151.69
9.37
63
000043
深南光Ａ
6.85
6.86
6.59
-3.80
95.87
9.36
64
000833
贵糖股份
3.69
3.69
3.46
-6.23
408.16
9.26
65
000416
健特生物
7.45
7.45
7.35
-1.34
496.50
9.13
66
000025
ST特力Ａ
3.56
3.49
3.38
-5.06
126.08
9.12
67
000611
时代科技
4.28
4.28
4.19
-2.10
277.39
9.04
68
000909
数源科技
4.60
4.55
4.49
-2.39
191.56
8.94
69
000517
甬 成 功
5.59
5.57
5.27
-5.72
3085.58
8.93
70
000973
佛塑股份
3.97
3.87
3.57
-10.08
969.06
8.82
来源：人民网
（责任