000975
科 学 城
3.15
3.15
3.01
-4.44
322.19
3.79
63
000562
宏源证券
4.15
4.12
4.12
-0.72
5563.68
3.75
64
000570
苏常柴Ａ
3.95
4.02
3.94
-0.25
179.37
3.50
65
000507
粤 富 华
5.25
5.25
5.21
-0.76
719.31
3.33
66
000792
盐湖钾肥
10.83
10.70
10.93
0.92
3574.83
3.31
67
000400
许继电气
5.28
5.29
5.04
-4.55
1174.73
3.27
68
000597
东 北 药
3.75
3.75
3.53
-5.87
226.74
3.25
69
000010
深 华 新
3.58
3.56
3.50
-2.23
202.00
3.15
70
000852
江钻股份
4.77
4.79
4.57
-4.19
137.54
3.09
来源：人民网
（责任