中超陕西首夺半程冠军 鲁能赢得山东德比居次席--体育-- 中超陕西首夺半程冠军 鲁能赢得山东德比居次席
　　人民网北京9月7日电 因四川地震而延期的中超联赛第9轮比赛今天继续打响，在山东德比的较量中，鲁能最后时刻惊险取胜，河南四五主场一球不敌长沙金德，下午的比赛，陕西用一场平局保住了联赛半程冠军，长春则在主场0-0惊险战平辽宁。
　　山东2-1力克青岛
　　山东鲁能主场对阵青岛盛文，伤愈后在联赛首次复出的韩鹏在下半场前段梅开二度，虽然郑龙在第86分钟为青岛队扳回一球，但鲁能最终依然2-1奏凯，以32分上升至积分榜次席位置，同领跑的陕西中新差距缩小到了2分。
　　陕西2比2平浙江首夺半程冠军
　　本轮陕西宝荣主场迎战浙江绿城，陕西队已稳居榜首。第20分钟，浙江队卡利姆先下一城，第35分钟，维森特还以颜色扳平比分。第50分钟浙江队外援奥托破门，第85分钟维森特命中点球，最终陕西以2比2战平浙江，保持主场不败，积34分锁定半程冠军。
　　长沙客场1-0河南止三轮不胜
　　主场作战的河南四五迎战长沙金德队。最终客场作战的金德队凭借桑德里上半场的铲射破门1-0战胜河南四五，结束3轮不胜。开赛后主场作战的河南队攻势较盛，可是他们的进攻威胁性并不是很大，只有何滨的一次任意球稍有威胁。当比赛进行到第10分钟时，长沙队利用一次反击机会取得领先。文虎一左路带球突破，他送出一脚质量不错的斜传球，无人盯防的桑德里在中路包抄倒地铲射，球直奔球门死角，周亚君对这脚射门毫无反应，长沙队以1-0领先。
　　长春0-0惊险平辽宁
　　主场作战的长春亚泰迎战刚刚结束10轮不胜的辽宁队。全场比赛，尽管双方创造出数次破门机会，王栋和格里菲斯也都在上下半场分别击中对手门柱，但双方却始终未能攻破对方城门。最终双方0-0握手言和。
　　昨天进行的几场比赛中，大连海昌主场对阵北京国安，最终大连3比1完胜，刚刚从曼联回归的董方卓也在比赛第80分钟替补出场，完成了自己的中超处子秀。上海客场1比0胜广州，唯一进球由马丁内斯头球打入，也为贾秀全首秀送上三分好礼。武汉光谷主场1-2负于天津康师傅，联赛连续9场不胜天津。输掉此战之后，武汉队的保级形势也更加严峻。另外一场比赛，深圳主场0比0闷平成都谢菲联。以下是半程过后详细积分情况：
名次
队名
场次
胜
平
负
进球
失球
净胜球
积分
1
陕西中新
15
10
4
1
22
13
9
34
2
山东鲁能
15
9
5
1
22
10
12
32
3
上海申花
15
9
4
2
23
10
13
31
4
北京国安
15
6
6
3
17
13
4
24
5
天津泰达
15
6
5
4
24
17
7
23
6
浙江绿城
15
5
6
4
15
14
1
21
7
河南四五
15
5
5
5
16
16
0
20
8
广州医药
15
6
2
7
20
21
-1
20
9
长春亚泰
15
4
6
5
22
25
-3
18
10
成都谢菲联
15
3
8
4
14
16
-2
17
11
大连海昌
15
3
7
5
13
19
-6